F (Viana_do_Castelo)(Espanha)
41.863288 -8.870087
42.067510 -8.521271
42.149015 -8.184814
41.811994 -8.165588
F (Braga)(Espanha)
41.811994 -8.165588
41.803942 -8.124390
41.801894 -8.083191
41.805989 -8.051605
F (Vila_Real)(Espanha)
41.805989 -8.051605
41.893963 -7.690430
41.808036 -7.429504
41.871470 -7.187805
F (Braganca)(Espanha)
41.871470 -7.187805
41.883740 -6.542358
41.578334 -6.182556
41.021217 -6.937866
F (Guarda)(Espanha)
41.021217 -6.937866
40.832377 -6.817017
40.365242 -6.786804
40.256333 -6.957092
F (Castelo_Branco)(Espanha)
40.256333 -6.957092
40.006439 -6.871948
39.669001 -7.014771
39.648914 -7.534790
F (Portalegre)(Espanha)
39.648914 -7.534790
39.455140 -7.297668
39.012639 -6.946106
38.744301 -7.199707
F (Evora)(Espanha)
38.744301 -7.199707
38.464199 -7.325134
38.263919 -7.149353
38.183724 -7.106323
F (Beja)(Espanha)
38.183724 -7.106323
38.205670 -6.932373
37.978701 -7.245483
37.524467 -7.515564
F (Faro)(Espanha)
37.524467 -7.515564
37.407110 -7.445984
37.254234 -7.429504
37.164548 -7.388306
F (Mar)(Faro)
37.164548 -7.388306
36.967303 -7.901917
37.013373 -8.992310
37.431105 -8.805542
F (Mar)(Beja)
37.431105 -8.805542
37.601031 -8.813782
37.733652 -8.786316
37.822658 -8.797302
F (Mar)(Setubal)
37.822658 -8.797302
38.468500 -8.882446
38.416871 -9.214783
38.670358 -9.266968
F (Mar)(Lisboa)
38.670358 -9.266968
38.693942 -9.483948
39.074502 -9.420776
39.288467 -9.342041
F (Mar)(Leiria)
39.288467 -9.342041
39.359644 -9.412537
39.594966 -9.088440
40.044297 -8.904419
F (Mar)(Coimbra)
40.044297 -8.904419
40.134651 -8.857727
40.174536 -8.918152
40.514252 -8.781281
F (Mar)(Aveiro)
40.514252 -8.781281
40.624237 -8.756104
40.876003 -8.670959
41.012479 -8.648071
F (Mar)(Porto)
41.012479 -8.648071
41.133021 -8.665466
41.318938 -8.736877
41.461116 -8.754730
F (Mar)(Braga)
41.461116 -8.754730
41.520780 -8.775330
41.566005 -8.805542
41.596822 -8.795929
F (Mar)(Viana_do_Castelo)
41.596822 -8.795929
41.680981 -8.827515
41.752737 -8.876953
41.863288 -8.870087
F (Viana_do_Castelo)(Braga)
41.596822 -8.795929
41.633783 -8.562469
41.760932 -8.381195
41.805989 -8.051605
F (Braga)(Vila_Real)
41.805989 -8.051605
41.678929 -7.993927
41.570115 -7.809906
41.353996 -7.971954
F (Braga)(Porto)
41.353996 -7.971954
41.397278 -8.172455
41.376671 -8.488312
41.461116 -8.754730
F (Vila_Real)(Braganca)
41.871470 -7.187805
41.672775 -7.223511
41.481696 -7.297668
41.205385 -7.426758
F (Vila_Real)(Porto)
41.353996 -7.971954
41.300370 -7.915649
41.234308 -7.885437
41.120608 -7.904663
F (Vila_Real)(Viseu)
41.207520 -7.428589
41.182203 -7.524719
41.158943 -7.645569
41.121711 -7.903748
F (Braganca)(Guarda)
41.133021 -7.297668
41.120608 -7.130127
41.056435 -7.066956
41.021217 -6.937866
F (Braganca)(Viseu)
41.204352 -7.422180
41.177483 -7.386475
41.138192 -7.350769
41.134055 -7.301331
F (Porto)(Viseu)
41.065081 -8.262634
41.100500 -8.102875
41.118090 -7.969666
41.121194 -7.902374
F (Porto)(Aveiro)
41.012479 -8.648071
41.033200 -8.520355
41.026984 -8.398132
41.062199 -8.264923
F (Viseu)(Guarda)
40.491731 -7.825928
40.721103 -7.578735
40.991163 -7.364502
41.133021 -7.297668
F (Viseu)(Aveiro)
40.368973 -8.354187
40.574778 -8.295135
40.849588 -8.188019
41.065306 -8.258057
F (Aveiro)(Coimbra)
40.368973 -8.354187
40.289408 -8.507996
40.384666 -8.560181
40.514252 -8.781281
F (Viseu)(Coimbra)
40.368973 -8.354187
40.338031 -8.105164
40.436356 -7.934875
40.491731 -7.825928
F (Guarda)(Coimbra)
40.491731 -7.825928
40.417539 -7.841492
40.333844 -7.770081
40.217544 -7.779236
F (Castelo_Branco)(Guarda)
40.256333 -6.957092
40.312904 -7.116394
40.379889 -7.511902
40.217544 -7.779236
F (Coimbra)(Castelo_Branco)
40.217544 -7.779236
40.099995 -7.729797
40.007491 -7.911072
39.940137 -8.122559
F (Coimbra)(Leiria)
40.044297 -8.904419
39.920129 -8.368835
40.063219 -8.143616
39.940137 -8.122559
F (Castelo_Branco)(Leiria)
39.940137 -8.122559
39.875879 -8.161469
39.844254 -8.238373
39.789404 -8.290558
F (Castelo_Branco)(Santarem)
39.789404 -8.290558
39.612953 -8.092346
39.720779 -7.957764
39.549448 -7.812195
F (Castelo_Branco)(Portalegre)
39.549448 -7.812195
39.631993 -7.694092
39.644684 -7.611694
39.648914 -7.534790
F (Leiria)(Santarem)
39.789404 -8.290558
39.763018 -8.666382
39.475284 -8.737793
39.279963 -8.990479
F (Leiria)(Lisboa)
39.279963 -8.990479
39.267206 -9.094849
39.279963 -9.207458
39.288467 -9.342041
F (Setubal)(Lisboa)
38.821378 -8.965759
38.743230 -9.049988
38.681079 -9.080200
38.670358 -9.266968
F (Santarem)(Lisboa)
39.279963 -8.990479
39.188485 -8.831177
39.017974 -8.844910
38.821378 -8.965759
F (Santarem)(Portalegre)
39.549448 -7.812195
39.354334 -8.045654
39.118199 -8.323059
38.968877 -8.224182
F (Santarem)(Évora)
38.968877 -8.224182
38.778568 -8.144531
38.842774 -8.358765
38.759295 -8.540039
F (Santarem)(Setubal)
38.759295 -8.540039
38.819238 -8.682861
38.742159 -8.839416
38.821378 -8.965759
F (Portalegre)(Évora)
38.982257 -8.212280
38.902647 -7.864380
38.971012 -7.485352
38.744301 -7.199707
F (Évora)(Setubal)
38.759295 -8.540039
38.542652 -8.619690
38.523315 -8.369751
38.299493 -8.147278
F (Setubal)(Beja)
38.299493 -8.147278
38.124690 -8.345032
37.867120 -8.325806
37.810724 -8.792725
F (Beja)(Faro)
37.424198 -8.795471
37.424198 -8.328552
37.400201 -7.930298
37.524467 -7.515564
F (Evora)(Beja)
38.299493 -8.147278
38.244148 -7.825928
38.192359 -7.523804
38.183724 -7.106323